[gd_scene load_steps=5 format=2]

[ext_resource path="res://Materials/concrete.material" type="Material" id=1]
[ext_resource path="res://Props/Fort.tscn" type="PackedScene" id=3]

[sub_resource type="ProceduralSky" id=1]
sky_top_color = Color( 0.933333, 0.521569, 0.188235, 1 )
sky_horizon_color = Color( 0.866667, 0.87451, 0.745098, 1 )
sun_longitude = 90.0

[sub_resource type="Environment" id=2]
background_mode = 2
background_sky = SubResource( 1 )

[node name="Demo" type="Spatial"]

[node name="Obstacles" type="Spatial" parent="."]
transform = Transform( 1, 0, 0, 0, 1, 0, 0, 0, 1, 0, -4.5647, 0 )

[node name="Walls" type="Spatial" parent="Obstacles"]
transform = Transform( 1, 0, 0, 0, 1, 0, 0, 0, 1, 0, 0.789814, 0 )

[node name="Wall" type="CSGBox" parent="Obstacles/Walls"]
transform = Transform( 0.911755, 0, 0.410735, 0, 1, 0, -0.410735, 0, 0.911755, 28.2217, 2.64351, -33.2082 )
use_collision = true
width = 3.34773
height = 11.1093
depth = 52.3
material = ExtResource( 1 )

[node name="Wall2" type="CSGBox" parent="Obstacles/Walls"]
transform = Transform( 0.911755, 0, 0.410735, 0, 1, 0, -0.410735, 0, 0.911755, -30.219, 2.64351, 30.3826 )
use_collision = true
width = 3.34773
height = 11.1093
depth = 65.7782
material = ExtResource( 1 )

[node name="Wall3" type="CSGBox" parent="Obstacles/Walls"]
transform = Transform( 0.935141, 0, -0.354275, 0, 1, 0, 0.354275, 0, 0.935141, -31.6497, 2.6435, -31.2353 )
use_collision = true
width = 3.34773
height = 11.1093
depth = 69.0179
material = ExtResource( 1 )

[node name="Wall4" type="CSGBox" parent="Obstacles/Walls"]
transform = Transform( 0.93716, 0, -0.348899, 0, 1, 0, 0.348899, 0, 0.93716, 31.0601, 2.6435, 29.341 )
use_collision = true
width = 3.34773
height = 11.1093
depth = 46.9264
material = ExtResource( 1 )

[node name="Wall5" type="CSGBox" parent="Obstacles/Walls"]
transform = Transform( 0.00853464, 0, -0.999963, 0, 1, 0, 0.999963, 0, 0.00853464, -1.26039, 2.6435, 58.8913 )
use_collision = true
width = 3.34773
height = 11.1093
depth = 34.7856
material = ExtResource( 1 )

[node name="Wall6" type="CSGBox" parent="Obstacles/Walls"]
transform = Transform( 0.00603882, 0, -0.999982, 0, 1, 0, 0.999982, 0, 0.00603882, -2.66467, 2.6435, -64.2896 )
use_collision = true
width = 3.34773
height = 11.1093
depth = 34.0864
material = ExtResource( 1 )

[node name="LandPad" type="CSGCylinder" parent="Obstacles"]
transform = Transform( 1, 0, 0, 0, 1, 0, 0, 0, 1, 0, 0, -25 )
use_collision = true
radius = 18.0
height = 19.652
sides = 16
material = ExtResource( 1 )

[node name="LandPad2" type="CSGCylinder" parent="Obstacles"]
transform = Transform( 1, 0, 0, 0, 1, 0, 0, 0, 1, 0, 0, 23 )
use_collision = true
radius = 18.0
height = 19.652
sides = 16
material = ExtResource( 1 )

[node name="Fort" parent="Obstacles" instance=ExtResource( 3 )]
transform = Transform( 1, 0, 0, 0, 1, 0, 0, 0, 1, 0, 2.17611, -0.551041 )

[node name="WorldEnvironment" type="WorldEnvironment" parent="."]
environment = SubResource( 2 )

[node name="DirectionalLight" type="DirectionalLight" parent="."]
transform = Transform( -1.07284e-07, -0.545078, 0.838385, 0, 0.838385, 0.545078, -1, 5.84784e-08, -8.99457e-08, 0, 22.9771, 0 )
light_energy = 0.9
shadow_enabled = true
